      133.801910	-7.283346	133.405838	-14.559510	
267.010162	-21.828505	265.428223	-36.316265	
399.230927	-43.592472	395.680359	-65.163017	
530.073303	-72.510902	523.782959	-100.971794	
659.150452	-108.498306	649.365479	-143.594467	
786.080750	-151.448288	772.067017	-192.863205	
910.488953	-201.233856	891.537537	-248.591187	
1032.007202	-257.707825	1007.438721	-310.573242	
1150.276245	-320.703247	1119.444946	-378.586639	
1264.946533	-390.033875	1227.244507	-452.391693	
1375.678955	-465.494720	1330.539673	-531.732788	
1482.146118	-546.862671	1429.048462	-616.339050	
1584.033325	-633.897217	1522.505005	-705.925476	
1681.039307	-726.341003	1610.659912	-800.193726	
1772.877197	-823.920715	1693.281250	-898.833069	
1859.275513	-926.347900	1770.155518	-1001.521545	
1939.978882	-1033.319702	1841.087524	-1107.926880	
2014.748657	-1144.519897	1905.901245	-1217.707764	
2083.363770	-1259.619629	1964.440186	-1330.514404	
2145.621582	-1378.278687	2016.567627	-1445.990356	
2201.337646	-1500.146240	2062.166992	-1563.773071	
2250.347412	-1624.862061	2101.142090	-1683.495605	
2292.506104	-1752.057373	2133.417480	-1804.787109	
2327.688965	-1881.356079	2158.938232	-1927.274048	
2355.791992	-2012.375977	2177.669922	-2050.582275	
2376.732178	-2144.729736	2189.599365	-2174.336670	
2390.447510	-2278.025879	2194.733398	-2298.163574	
2396.897461	-2411.870605	2193.099609	-2421.691650	
2396.062988	-2545.867920	2184.745850	-2544.551758	
2387.946533	-2679.621826	2169.739746	-2666.380615	
2372.572021	-2812.736816	2148.168701	-2786.818848	
2349.985107	-2944.819580	2120.139648	-2905.514404	
2320.252441	-3075.479248	2085.777832	-3022.122559	
2283.461914	-3204.329834	2045.227051	-3136.306885	
2239.722168	-3330.990234	1998.648926	-3247.740234	
2189.162842	-3455.085938	1946.222534	-3356.106445	
2131.933105	-3576.250244	1888.142822	-3461.100342	
2068.202393	-3694.124756	1824.621216	-3562.428467	
1998.158936	-3808.361084	1755.883789	-3659.811035	
1922.009888	-3918.621338	1682.171143	-3752.981445	
1839.980347	-4024.579590	1603.737183	-3841.687744	
1752.312866	-4125.922852	1520.848633	-3925.693359	
1659.266724	-4222.351074	1433.784058	-4004.776855	
1561.116943	-4313.579590	1342.832397	-4078.733887	
1458.153687	-4399.338379	1248.292969	-4147.375977	
1350.681274	-4479.374023	1150.473389	-4210.533203	
1239.017578	-4553.449707	1049.689819	-4268.052246	
1123.492676	-4621.346680	946.264832	-4319.797852	
1004.448120	-4682.864258	840.527161	-4365.654785	
882.235840	-4737.820312	732.810059	-4405.524414	
757.217163	-4786.052246	623.450806	-4439.327148	
629.761719	-4827.417969	512.789368	-4467.003418	
500.246338	-4861.794922	401.167206	-4488.512207	
369.053925	-4889.081543	288.926575	-4503.831055	
236.572327	-4909.196777	176.409195	-4512.956543	
103.193237	-4922.081543	63.955368	-4515.903809	
-30.689022	-4927.697754	-48.097157	-4512.707031	
-164.678619	-4926.028809	-159.414108	-4503.418945	
-298.379425	-4917.079590	-269.665741	-4488.109863	
-431.396149	-4900.876465	-378.527832	-4466.868164	
-563.335571	-4877.467285	-485.682587	-4439.799316	
-693.807556	-4846.921387	-590.819519	-4407.025879	
-822.426392	-4809.329102	-693.636536	-4368.687500	
-948.811829	-4764.801270	-793.840515	-4324.937988	
-1072.590210	-4713.469727	-891.148560	-4275.949219	
-1193.395630	-4655.486328	-985.288330	-4221.904785	
-1310.870850	-4591.022461	-1075.999023	-4163.004883	
-1424.668579	-4520.269043	-1163.032104	-4099.461914	
-1534.452393	-4443.434570	-1246.152100	-4031.500488	
-1639.897705	-4360.746582	-1325.137085	-3959.357178	
-1740.692749	-4272.449707	-1399.778931	-3883.280762	
-1836.539551	-4178.804688	-1469.884644	-3803.528809	
-1927.154785	-4080.088623	-1535.276123	-3720.368652	
-2012.270508	-3976.593262	-1595.791138	-3634.076416	
-2091.635010	-3868.624512	-1651.283081	-3544.935059	
-2165.013916	-3756.501709	-1701.622192	-3453.234863	
-2232.190186	-3640.556152	-1746.694824	-3359.271240	
-2292.965088	-3521.130859	-1786.404297	-3263.345215	
-2347.158936	-3398.578613	-1820.671143	-3165.760010	
-2394.611572	-3273.261963	-1849.432861	-3066.823242	
-2435.182617	-3145.551514	-1872.644409	-2966.843994	
-2468.752441	-3015.824707	-1890.277832	-2866.131592	
-2495.221436	-2884.464844	-1902.322388	-2764.995605	
-2514.511475	-2751.860596	-1908.784302	-2663.744873	
-2526.565674	-2618.403809	-1909.687134	-2562.686035	
-2531.348145	-2484.489258	-1905.070801	-2462.123047	
-2528.844971	-2350.512695	-1894.992065	-2362.355713	
-2519.063477	-2216.870117	-1879.523804	-2263.679443	
-2502.032471	-2083.956787	-1858.754639	-2166.384033	
-2477.802246	-1952.165649	-1832.788696	-2070.752930	
-2446.444580	-1821.886353	-1801.745483	-1977.062012	
-2408.052246	-1693.504028	-1765.759033	-1885.579468	
-2362.738770	-1567.398193	-1724.977295	-1796.564575	
-2310.637939	-1443.941650	-1679.561523	-1710.266846	
-2251.903809	-1323.499512	-1629.686279	-1626.925903	
-2186.710205	-1206.427734	-1575.538330	-1546.770386	
-2115.249756	-1093.072510	-1517.315674	-1470.017090	
-2037.733765	-983.768982	-1455.227783	-1396.871338	
-1954.391357	-878.840271	-1389.493896	-1327.525146	
-1865.468872	-778.596558	-1320.342651	-1262.157715	
-1771.229370	-683.334229	-1248.011597	-1200.934570	
-1671.951294	-593.334961	-1172.746094	-1144.007446	
-1567.928223	-508.864807	-1094.798218	-1091.513428	
-1459.467773	-430.173492	-1014.426697	-1043.575073	
-1346.890503	-357.493683	-931.895264	-1000.299805	
-1230.529297	-291.040222	-847.472351	-961.780151	
-1110.728149	-231.009598	-761.429810	-928.093140	
-987.841187	-177.579285	-674.042297	-899.300415	
-862.231812	-130.907242	-585.586609	-875.448120	
-734.271301	-91.131462	-496.340149	-856.566772	
-604.338013	-58.369534	-406.580811	-842.671387	
-472.816101	-32.718319	-316.585602	-833.761719	
-340.094391	-14.253651	-226.629944	-829.821960	
-206.565247	-3.030120	-136.986893	-830.821289	
-72.623451	0.919091	-47.926235	-836.713928	
61.334995	-2.417694	40.286263	-847.439514	
194.914062	-13.030608	127.389725	-862.923279	
327.718811	-30.888275	213.128845	-883.076355	
459.356628	-55.937901	297.254761	-907.796387	
589.438354	-88.105431	379.525665	-936.967773	
717.579346	-127.295753	459.707428	-970.462158	
843.400818	-173.393005	537.574585	-1008.139038	
966.530762	-226.260910	612.910583	-1049.846191	
1086.605103	-285.743164	685.508545	-1095.420288	
1203.268921	-351.663910	755.172058	-1144.687500	
1316.177368	-423.828278	821.715271	-1197.463989	
1424.996460	-502.022888	884.963501	-1253.557007	
1529.404663	-586.016541	944.754211	-1312.765015	
1629.093140	-675.560974	1000.936462	-1374.878540	
1723.767212	-770.391418	1053.372070	-1439.681396	
1813.147095	-870.227539	1101.935913	-1506.950562	
1896.968384	-974.774109	1146.515381	-1576.457520	
1974.983398	-1083.722168	1187.011719	-1647.969116	
2046.961426	-1196.749512	1223.339600	-1721.247803	
2112.689697	-1313.521973	1255.427124	-1796.052734	
2171.973877	-1433.694336	1283.216431	-1872.140869	
2224.638672	-1556.911377	1306.663574	-1949.266846	
2270.528320	-1682.808716	1325.738159	-2027.184814	
2309.507080	-1811.014160	1340.423828	-2105.648682	
2341.459961	-1941.148804	1350.718140	-2184.412598	
2366.292480	-2072.827881	1356.632446	-2263.232422	
2383.930908	-2205.661865	1358.190796	-2341.865967	
2394.323486	-2339.258301	1355.431519	-2420.073975	
2397.439209	-2473.222168	1348.405396	-2497.620850	
2393.269043	-2607.157227	1337.176392	-2574.274902	
2381.825195	-2740.667725	1321.820679	-2649.809570	
2363.141602	-2873.358887	1302.426758	-2724.004395	
2337.273438	-3004.838379	1279.094604	-2796.644775	
2304.297119	-3134.717529	1251.935669	-2867.522705	
2264.310059	-3262.612305	1221.072266	-2936.438232	
2217.430664	-3388.144531	1186.637329	-3003.199707	
2163.797363	-3510.943115	1148.773071	-3067.623291	
2103.568848	-3630.645020	1107.631714	-3129.535156	
2036.923218	-3746.896240	1063.373657	-3188.770020	
1964.057373	-3859.353271	1016.167664	-3245.173584	
1885.186768	-3967.683594	966.190125	-3298.601562	
1800.544678	-4071.566650	913.624329	-3348.920166	
1710.381226	-4170.695801	858.659790	-3396.007080	
1614.963013	-4264.777344	801.491516	-3439.750732	
1514.572266	-4353.533691	742.319885	-3480.052246	
1409.505615	-4436.702148	681.348938	-3516.823730	
1300.073853	-4514.037109	618.786804	-3549.989502	
1186.600342	-4585.309570	554.844055	-3579.486084	
1069.420654	-4650.309082	489.733704	-3605.261963	
948.881287	-4708.843262	423.670227	-3627.277832	
825.338562	-4760.739258	356.868774	-3645.507324	
699.157715	-4805.843750	289.544556	-3659.935547	
570.711792	-4844.022949	221.912201	-3670.559814	
440.380585	-4875.164062	154.185104	-3677.389648	
308.549408	-4899.175293	86.574631	-3680.446533	
175.608017	-4915.985352	19.289541	-3679.763672	
41.949440	-4925.544922	-47.464691	-3675.385742	
-92.031151	-4927.825684	-113.486458	-3667.368652	
-225.937637	-4922.820801	-178.578644	-3655.779053	
-359.374146	-4910.544922	-242.549286	-3640.694092	
-491.946136	-4891.034180	-305.211975	-3622.200928	
-623.261719	-4864.346680	-366.386658	-3600.397705	
-752.932617	-4830.561035	-425.899811	-3575.391113	
-880.575439	-4789.777344	-483.585205	-3547.297119	
-1005.812805	-4742.116211	-539.284302	-3516.239990	
-1128.274536	-4687.718262	-592.846680	-3482.352051	
-1247.598511	-4626.744629	-644.130371	-3445.773926	
-1363.431885	-4559.375488	-693.002197	-3406.652100	
-1475.432251	-4485.810059	-739.338440	-3365.140381	
-1583.268555	-4406.265625	-783.024719	-3321.397705	
-1686.621948	-4320.977539	-823.956604	-3275.589111	
-1785.186768	-4230.197754	-862.039368	-3227.883789	
-1878.671631	-4134.194824	-897.188782	-3178.455078	
-1966.800293	-4033.252441	-929.331116	-3127.480225	
-2049.312012	-3927.669189	-958.402832	-3075.139160	
-2125.962891	-3817.757324	-984.351196	-3021.614014	
-2196.526367	-3703.841553	-1007.134216	-2967.088623	
-2260.793945	-3586.258789	-1026.720581	-2911.747803	
-2318.575439	-3465.356689	-1043.089600	-2855.777100	
-2369.699951	-3341.492676	-1056.230957	-2799.361084	
-2414.016602	-3215.032959	-1066.145508	-2742.684814	
-2451.394043	-3086.351562	-1072.843872	-2685.930664	
-2481.721924	-2955.828613	-1076.347290	-2629.279541	
-2504.910645	-2823.850342	-1076.687378	-2572.910156	
-2520.891602	-2690.806641	-1073.905151	-2516.997559	
-2529.617432	-2557.091064	-1068.051270	-2461.713379	
-2531.062500	-2423.098877	-1059.186279	-2407.224854	
-2525.222412	-2289.226318	-1047.379150	-2353.695068	
-2512.114502	-2155.868896	-1032.707886	-2301.281494	
-2491.777588	-2023.421143	-1015.259033	-2250.135742	
-2464.271729	-1892.274536	-995.126831	-2200.403809	
-2429.678223	-1762.816895	-972.413086	-2152.225342	
-2388.099365	-1635.430908	-947.226868	-2105.732422	
-2339.657959	-1510.493164	-919.683838	-2061.050293	
-2284.497559	-1388.373047	-889.906372	-2018.296753	
-2222.781006	-1269.431641	-858.021912	-1977.581421	
-2154.690674	-1154.020630	-824.163391	-1939.005859	
-2080.427979	-1042.481079	-788.468811	-1902.663330	
-2000.212524	-935.142883	-751.080139	-1868.638428	
-1914.281494	-832.323364	-712.143127	-1837.006836	
-1822.888794	-734.326538	-671.806519	-1807.835327	
-1726.304810	-641.442078	-630.222107	-1781.181763	
-1624.814941	-553.944641	-587.543396	-1757.094604	
-1518.719238	-472.092865	-543.925415	-1735.613281	
-1408.331543	-396.128784	-499.524689	-1716.767822	
-1293.978027	-326.276947	-454.497559	-1700.579346	
-1175.996826	-262.743896	-409.000671	-1687.059326	
-1054.736816	-205.717484	-363.190033	-1676.210693	
-930.556458	-155.366287	-317.220459	-1668.026733	
-803.822937	-111.839165	-271.245148	-1662.492432	
-674.910889	-75.264816	-225.415070	-1659.583618	
-544.201477	-45.751369	-179.878632	-1659.267944	
-412.081085	-23.386082	-134.781036	-1661.504395	
-278.940369	-8.235077	-90.263977	-1666.244385	
-145.172974	-0.343148	-46.465134	-1673.431030	
-11.174360	0.266373	-3.517671	-1683.000366	
122.659302	-6.408317	38.450062	-1694.880859	
255.932327	-20.347485	79.314964	-1708.994385	
388.250702	-41.509918	118.959526	-1725.256348	
519.223206	-69.833046	157.272186	-1743.575806	
648.462646	-105.233139	194.147629	-1763.856445	
775.586914	-147.605530	229.487076	-1785.996460	
900.220154	-196.824951	263.198547	-1809.889038	
1021.993896	-252.745880	295.197083	-1835.423096	
1140.548096	-315.203003	325.404999	-1862.483643	
1255.532349	-384.011627	353.752106	-1890.951904	
1366.606567	-458.968353	380.175537	-1920.706177	
1473.442505	-539.851562	404.620483	-1951.622314	
1575.724121	-626.422119	427.039490	-1983.573608	
1673.149170	-718.424072	447.393372	-2016.432251	
1765.429565	-815.585449	465.650635	-2050.068848	
1852.292480	-917.618958	481.787689	-2084.353516	
1933.481079	-1024.222900	495.788818	-2119.155762	
2008.755371	-1135.082153	507.646240	-2154.346191	
2077.892822	-1249.869019	517.359863	-2189.795410	
2140.688965	-1368.244019	524.937195	-2225.375000	
2196.958252	-1489.857300	530.393372	-2260.959229	
2246.534180	-1614.349243	533.750793	-2296.423584	
2289.270264	-1741.351685	535.039185	-2331.645752	
2325.040039	-1870.489258	534.294983	-2366.507080	
2353.737793	-2001.380249	531.561646	-2400.891846	
2375.278809	-2133.637451	526.889160	-2434.687988	
2389.599365	-2266.870117	520.333679	-2467.787842	
2396.656982	-2400.684082	511.957062	-2500.087158	
2396.430908	-2534.683838	501.827179	-2531.487549	
2388.921875	-2668.473389	490.017029	-2561.894775	
2374.151855	-2801.656982	476.604431	-2591.220459	
2352.164795	-2933.840820	461.672211	-2619.381104	
2323.025391	-3064.634277	445.306854	-2646.299805	
2286.820068	-3193.650391	427.599304	-2671.904541	
2243.655762	-3320.508057	408.643585	-2696.130859	
2193.660156	-3444.832031	388.536957	-2718.919434	
2136.980957	-3566.254639	367.379150	-2740.218018	
2073.785889	-3684.417236	345.272369	-2759.980713	
2004.261597	-3798.970215	322.320282	-2778.168457	
1928.613647	-3909.574951	298.628204	-2794.749023	
1847.065796	-4015.904297	274.302460	-2809.696045	
1759.859131	-4117.644043	249.449860	-2822.991211	
1667.251465	-4214.493652	224.177307	-2834.622314	
1569.516602	-4306.166504	198.591461	-2844.583740	
1466.943481	-4392.391602	172.798264	-2852.876709	
1359.835327	-4472.914062	146.902557	-2859.509033	
1248.508789	-4547.495605	121.007660	-2864.494385	
1133.293091	-4615.916016	95.215179	-2867.853271	
1014.528809	-4677.972656	69.624298	-2869.612305	
892.567078	-4733.482422	44.331657	-2869.803955	
767.768433	-4782.281250	19.430893	-2868.466553	
640.501892	-4824.224609	-4.987552	-2865.643311	
511.143738	-4859.188477	-28.836880	-2861.383301	
380.076385	-4887.069336	-52.034245	-2855.739990	
247.687363	-4907.785156	-74.500931	-2848.772461	
114.368065	-4921.274414	-96.162727	-2840.543457	
-19.487354	-4927.497559	-116.950081	-2831.120117	
-153.483154	-4926.436035	-136.798370	-2820.573486	
-287.223175	-4918.092773	-155.648102	-2808.977051	
-420.312012	-4902.492676	-173.445023	-2796.408936	
-552.356201	-4879.681641	-190.140411	-2782.948730	
-682.965332	-4849.727539	-205.691040	-2768.679443	
-811.753235	-4812.718262	-220.059402	-2753.684326	
-938.339233	-4768.763672	-233.215851	-2738.050049	
-1062.348999	-4717.993652	-245.130447	-2721.864258	
-1183.415894	-4660.558594	-255.785187	-2705.215088	
-1301.182007	-4596.627930	-265.165985	-2688.190674	
-1415.299194	-4526.390625	-273.264679	-2670.880127	
-1525.430054	-4450.054688	-280.078857	-2653.371826	
-1631.249023	-4367.845703	-285.611969	-2635.753662	
-1732.443115	-4280.006348	-289.873047	-2618.112061	
-1828.713257	-4186.796387	-292.876923	-2600.532471	
-1919.774780	-4088.491699	-294.643768	-2583.098877	
-2005.358521	-3985.382812	-295.199188	-2565.893066	
-2085.211426	-3877.774658	-294.573975	-2548.994141	
-2159.097412	-3765.985352	-292.803772	-2532.478760	
-2226.798096	-3650.345215	-289.929230	-2516.420410	
-2288.113037	-3531.196289	-285.995056	-2500.889160	
-2342.861328	-3408.890869	-281.051025	-2485.951904	
-2390.880859	-3283.790527	-275.150330	-2471.671387	
-2432.029785	-3156.264893	-268.350342	-2458.106201	
-2466.186523	-3026.691162	-260.711823	-2445.310791	
-2493.249756	-2895.452637	-252.298355	-2433.335449	
-2513.139893	-2762.937012	-243.177185	-2422.225342	
-2525.797852	-2629.536133	-233.417419	-2412.020264	
-2531.186279	-2495.644531	-223.090698	-2402.756348	
-2529.289307	-2361.657959	-212.270630	-2394.463623	
-2520.112305	-2227.972656	-201.031998	-2387.167236	
-2503.682617	-2094.983643	-189.451309	-2380.886719	
-2480.048828	-1963.084229	-177.605652	-2375.636719	
-2449.280762	-1832.664429	-165.572617	-2371.426514	
-2411.469482	-1704.109741	-153.430038	-2368.259277	
-2366.726562	-1577.800293	-141.255249	-2366.133789	
-2315.184570	-1454.109497	-129.125488	-2365.042969	
-2256.995605	-1333.403076	-117.116531	-2364.974609	
-2192.331787	-1216.037842	-105.303261	-2365.911133	
-2121.384277	-1102.360840	-93.758865	-2367.829834	
-2044.363037	-992.708130	-82.554825	-2370.703857	
-1961.495605	-887.403870	-71.760002	-2374.500244	
-1873.026978	-786.759399	-61.440853	-2379.182373	
-1779.218750	-691.072327	-51.661053	-2384.708984	
-1680.348267	-600.625488	-42.481075	-2391.034180	
-1576.707764	-515.686340	-33.957909	-2398.108154	
-1468.603760	-436.506012	-26.145058	-2405.877930	
-1356.355835	-363.318573	-19.091978	-2414.286377	
-1240.295776	-296.340393	-12.843947	-2423.272705	
-1120.766846	-235.769501	-7.442100	-2432.774170	
-998.122375	-181.784988	-2.922859	-2442.724609	
-872.724915	-134.546448	0.682045	-2453.055664	
-744.945251	-94.193542	3.345631	-2463.697021	
-615.161133	-60.845573	5.045973	-2474.576416	
-483.756317	-34.601135	5.766146	-2485.620117	
-351.119263	-15.537822	5.494478	-2496.753906	
-217.642105	-3.711993	4.224494	-2507.902100	
-83.719490	0.841388	1.954963	-2518.988770	
50.252647	-1.891141	-1.310032	-2529.938477	
183.878220	-11.901501	-5.561130	-2540.675781	
316.762146	-29.160095	-10.783729	-2551.125732	
448.511566	-53.615902	-16.957994	-2561.214844	
578.737000	-85.196617	-24.058928	-2570.870361	
707.053406	-123.808868	-32.056553	-2580.021973	
833.081360	-169.338501	-40.916000	-2588.600830	
956.448364	-221.650909	-50.597446	-2596.540771	
1076.789551	-280.591431	-61.056664	-2603.778320	
1193.749268	-345.985809	-72.244713	-2610.252686	
1306.981689	-417.640686	-84.108551	-2615.906738	
1416.151978	-495.344238	-96.591148	-2620.686523	
1520.937500	-578.866699	-109.631447	-2624.542480	
1621.028320	-667.961182	-123.165115	-2627.428711	
1716.128540	-762.364258	-137.124359	-2629.303467	
1805.957031	-861.796814	-151.438385	-2630.130127	
1890.248291	-965.964905	-166.033630	-2629.876465	
1968.752930	-1074.560547	-180.834381	-2628.515137	
2041.239014	-1187.262695	-195.762512	-2626.024170	
2107.492188	-1303.738037	-210.738358	-2622.386475	
2167.316650	-1423.642334	-225.680725	-2617.590576	
2220.535400	-1546.621094	-240.507568	-2611.630371	
2266.990967	-1672.310669	-255.136108	-2604.505127	
2306.546387	-1800.339478	-269.482758	-2596.220215	
2339.084473	-1930.328979	-283.464539	-2586.786133	
2364.509033	-2061.895020	-296.998627	-2576.219482	
2382.744873	-2194.648438	-310.002991	-2564.541504	
2393.738037	-2328.196777	-322.396698	-2551.780273	
2397.456299	-2462.145264	-334.100067	-2537.968750	
2393.888428	-2596.097656	-345.035706	-2523.145020	
2383.044922	-2729.658203	-355.128235	-2507.353271	
2364.958008	-2862.431885	-364.304657	-2490.642578	
2339.681152	-2994.026367	-372.495026	-2473.066650	
2307.289062	-3124.052246	-379.632660	-2454.684570	
2267.877441	-3252.125244	-385.654480	-2435.560059	
2221.562744	-3377.866943	-390.501190	-2415.760986	
2168.482178	-3500.905273	-394.117401	-2395.359863	
2108.792480	-3620.876709	-396.452637	-2374.433105	
2042.670044	-3737.426270	-397.460999	-2353.060303	
1970.310425	-3850.209717	-397.101410	-2331.325439	
1891.927612	-3958.893311	-395.338013	-2309.314453	
1807.753296	-4063.156006	-392.140411	-2287.116943	
1718.036377	-4162.689453	-387.483856	-2264.824707	
1623.042114	-4257.199219	-381.349304	-2242.531738	
1523.051270	-4346.405762	-373.723785	-2220.332764	
1418.359619	-4430.045898	-364.600159	-2198.326172	
1309.276611	-4507.872070	-353.977661	-2176.609131	
1196.124634	-4579.653809	-341.861877	-2155.279785	
1079.238403	-4645.179199	-328.264404	-2134.437500	
958.963379	-4704.254883	-313.203430	-2114.181396	
835.655151	-4756.705566	-296.703522	-2094.608398	
709.678345	-4802.376465	-278.795410	-2075.815918	
581.405396	-4841.132812	-259.516296	-2057.900146	
451.215485	-4872.859863	-238.909668	-2040.954712	
319.493561	-4897.463379	-217.025070	-2025.070557	
186.629074	-4914.871094	-193.918152	-2010.337524	
53.014820	-4925.031250	-169.650467	-1996.841187	
-80.954163	-4927.914062	-144.289337	-1984.664551	
-214.881805	-4923.510742	-117.907654	-1973.886597	
-348.372131	-4911.834473	-90.583641	-1964.582275	
-481.030487	-4892.919922	-62.400673	-1956.822144	
-612.464661	-4866.822754	-33.446987	-1950.671875	
-742.286072	-4833.620605	-3.815425	-1946.192505	
-870.110962	-4793.411133	26.396812	-1943.438721	
-995.561340	-4746.313477	57.088680	-1942.460449	
-1118.266357	-4692.466797	88.155350	-1943.301147	
-1237.863159	-4632.030273	119.488831	-1945.998291	
-1353.998291	-4565.182129	150.977966	-1950.582275	
-1466.328247	-4492.120605	182.509354	-1957.078125	
-1574.520996	-4413.061523	213.967194	-1965.503174	
-1678.256714	-4328.238770	245.233994	-1975.868164	
-1777.228638	-4237.902832	276.191010	-1988.176147	
-1871.144165	-4142.321289	306.718597	-2002.423950	
-1959.725708	-4041.776123	336.696472	-2018.599731	
-2042.711304	-3936.564941	366.004578	-2036.685303	
-2119.855469	-3826.998779	394.523315	-2056.655029	
-2190.930420	-3713.401367	422.133545	-2078.475098	
-2255.725830	-3596.108887	448.717957	-2102.105225	
-2314.050293	-3475.467773	474.160645	-2127.497314	
-2365.731201	-3351.834961	498.348358	-2154.595947	
-2410.615723	-3225.575684	521.170288	-2183.338867	
-2448.571289	-3097.063477	542.518677	-2213.656494	
-2479.485596	-2966.678223	562.289612	-2245.472412	
-2503.267334	-2834.805420	580.382751	-2278.704102	
-2519.846191	-2701.834961	596.702637	-2313.261719	
-2529.173096	-2568.159912	611.158325	-2349.049561	
-2531.220459	-2434.175537	623.664368	-2385.966064	
-2525.982178	-2300.278076	634.140686	-2423.904053	
-2513.473877	-2166.863037	642.513184	-2462.750732	
-2493.732666	-2034.325195	648.713928	-2502.388184	
-2466.816650	-1903.056274	652.682190	-2542.694580	
-2432.805420	-1773.444458	654.363708	-2583.542725	
-2391.799561	-1645.872803	653.711609	-2624.802246	
-2343.920410	-1520.718506	650.686279	-2666.339111	
-2289.309326	-1398.351685	645.256348	-2708.016113	
-2228.127930	-1279.134033	637.397827	-2749.693848	
-2160.557129	-1163.418091	627.095093	-2791.230225	
-2086.796631	-1051.545898	614.340881	-2832.481934	
-2007.064575	-943.848206	599.136292	-2873.303955	
-1921.596558	-840.643433	581.491150	-2913.551270	
-1830.645386	-742.236755	561.423462	-2953.078125	
-1734.479858	-648.919067	538.960327	-2991.739502	
-1633.384277	-560.966248	514.137329	-3029.390625	
-1527.657593	-478.638367	486.998688	-3065.888916	
-1417.612427	-402.178833	457.597168	-3101.092773	
-1303.574097	-331.813660	425.994202	-3134.863770	
-1185.879761	-267.750916	392.259644	-3167.066162	
-1064.877319	-210.179977	356.471680	-3197.566895	
-940.924561	-159.271057	318.716461	-3226.238037	
-814.387939	-115.174675	279.088257	-3252.955078	
-685.641602	-78.021202	237.688873	-3277.598877	
-555.066162	-47.920483	194.627655	-3300.055420	
-423.047668	-24.961506	150.021133	-3320.216797	
-289.976410	-9.212152	103.992668	-3337.980957	
-156.245834	-0.718984	56.672085	-3353.253174	
-22.251314	0.492888	8.195403	-3365.944824	
111.611000	-5.580118	-41.295616	-3375.975830	
244.945343	-18.920048	-91.653870	-3383.273193	
377.357513	-39.487461	-142.727356	-3387.772461	
508.456024	-67.221550	-194.359619	-3389.417725	
637.853271	-102.040321	-246.390274	-3388.161621	
765.166748	-143.840836	-298.655365	-3383.965820	
890.020020	-192.499496	-350.988098	-3376.801758	
1012.043945	-247.872452	-403.219208	-3366.649902	
1130.877808	-309.795990	-455.177521	-3353.500732	
1246.170166	-378.087036	-506.690613	-3337.354248	
1357.580200	-452.543701	-557.585266	-3318.220459	
1464.778564	-532.945862	-607.688049	-3296.119873	
1567.448364	-619.055786	-656.825806	-3271.082275	
1665.286011	-710.618896	-704.826599	-3243.148193	
1758.002197	-807.364441	-751.519958	-3212.367676	
1845.322876	-909.006470	-796.737549	-3178.801514	
1926.989868	-1015.244446	-840.313782	-3142.519531	
2002.761719	-1125.764282	-882.086365	-3103.602295	
2072.414307	-1240.239136	-921.897095	-3062.139404	
2135.741943	-1358.330688	-959.591858	-3018.229736	
2192.557129	-1479.689697	-995.022095	-2971.982178	
2242.692139	-1603.957520	-1028.044312	-2923.513916	
2285.998535	-1730.766602	-1058.521484	-2872.950928	
2322.348389	-1859.742065	-1086.323242	-2820.427979	
2351.634277	-1990.502686	-1111.326050	-2766.087402	
2373.769531	-2122.661865	-1133.414307	-2710.079346	
2388.688721	-2255.828857	-1152.480591	-2652.561035	
2396.347900	-2389.609863	-1168.425537	-2593.696777	
2396.724121	-2523.609375	-1181.159546	-2533.656738	
2389.816406	-2657.431152	-1190.601562	-2472.617188	
2375.645264	-2790.679688	-1196.680786	-2410.759521	
2354.252686	-2922.960938	-1199.336060	-2348.270264	
2325.701660	-3053.884033	-1198.517090	-2285.339844	
2290.076660	-3183.061768	-1194.184082	-2222.162354	
2247.483154	-3310.112061	-1186.307617	-2158.934570	
2198.046875	-3434.659424	-1174.870117	-2095.856445	
2141.914062	-3556.335693	-1159.864990	-2033.129028	
2079.250732	-3674.781006	-1141.296753	-1970.954712	
2010.242065	-3789.645264	-1119.181885	-1909.536499	
1935.092163	-3900.588867	-1093.548218	-1849.077148	
1854.023071	-4007.283936	-1064.435181	-1789.778809	
1767.274658	-4109.414551	-1031.893921	-1731.841187	
1675.103271	-4206.679199	-995.987000	-1675.463257	
1577.781494	-4298.790527	-956.788513	-1620.840576	
1475.596924	-4385.475586	-914.384094	-1568.164429	
1368.851807	-4466.478516	-868.870117	-1517.623047	
1257.861694	-4541.559570	-820.354309	-1469.399292	
1142.954712	-4610.497070	-768.955017	-1423.670898	
1024.470581	-4673.086914	-714.800964	-1380.609253	
902.759583	-4729.144531	-658.031250	-1340.379639	
778.181580	-4778.503418	-598.794556	-1303.138672	
651.104919	-4821.018066	-537.249023	-1269.036743	
521.905273	-4856.562988	-473.561890	-1238.215088	
390.964600	-4885.032715	-407.908936	-1210.805786	
258.670044	-4906.343262	-340.473907	-1186.931885	
125.412727	-4920.431641	-271.448212	-1166.706177	
-8.413365	-4927.256348	-201.030228	-1150.231567	
-142.412582	-4926.796875	-129.424759	-1137.599121	
-276.188751	-4919.054688	-56.842510	-1128.889404	
-409.346344	-4904.052734	16.500643	-1124.171387	
-541.491699	-4881.835449	90.384186	-1123.501953	
-672.234131	-4852.468750	164.583694	-1126.925903	
-801.187134	-4816.039062	238.871460	-1134.475098	
-927.969421	-4772.653809	313.017334	-1146.168579	
-1052.206177	-4722.441895	386.789215	-1162.013550	
-1173.530029	-4665.551270	459.954071	-1182.003052	
-1291.582275	-4602.150391	532.278320	-1206.117798	
-1406.014038	-4532.426758	603.528687	-1234.324951	
-1516.486938	-4456.586426	673.473206	-1266.578369	
-1622.674316	-4374.853516	741.881653	-1302.818848	
-1724.262207	-4287.469727	808.526489	-1342.974121	
-1820.950317	-4194.693848	873.183472	-1386.959229	
-1912.452759	-4096.799316	935.632507	-1434.675171	
-1998.499023	-3994.076172	995.658264	-1486.011841	
-2078.834717	-3886.827881	1053.051025	-1540.845703	
-2153.222412	-3775.371826	1107.607300	-1599.041626	
-2221.442139	-3660.037109	1159.130615	-1660.452148	
-2283.291992	-3541.165039	1207.432373	-1724.918945	
-2338.589355	-3419.106934	1252.332031	-1792.272095	
-2387.170654	-3294.223633	1293.657959	-1862.331421	
-2428.892334	-3166.884277	1331.248413	-1934.906250	
-2463.630859	-3037.465576	1364.951782	-2009.796875	
-2491.283691	-2906.349854	1394.626953	-2086.793945	
-2511.769043	-2773.925049	1420.144409	-2165.679932	
-2525.026367	-2640.582520	1441.386353	-2246.229248	
-2531.016357	-2506.716553	1458.247192	-2328.209229	
-2529.721436	-2372.722900	1470.634155	-2411.380859	
-2521.145508	-2238.997559	1478.467407	-2495.498535	
-2505.313721	-2105.936035	1481.680908	-2580.312256	
-2482.272949	-1973.931763	1480.222290	-2665.567383	
-2452.091309	-1843.375000	1474.053223	-2751.005371	
-2414.858154	-1714.651733	1463.149536	-2836.365234	
-2370.683350	-1588.142456	1447.502075	-2921.383789	
-2319.697754	-1464.221313	1427.115845	-3005.796631	
-2262.051758	-1343.254517	1402.011108	-3089.338623	
-2197.916016	-1225.599854	1372.222656	-3171.745605	
-2127.480225	-1111.605103	1337.799927	-3252.754395	
-2050.952637	-1001.607300	1298.807373	-3332.103516	
-1968.559326	-895.931702	1255.324707	-3409.534912	
-1880.543945	-794.890686	1207.445679	-3484.794434	
-1787.166748	-698.782959	1155.278442	-3557.631592	
-1688.703735	-607.892700	1098.945557	-3627.802246	
-1585.446045	-522.488647	1038.583740	-3695.067871	
-1477.698975	-442.823242	974.342957	-3759.197510	
-1365.781128	-369.132050	906.386475	-3819.967285	
-1250.023315	-301.632935	834.890686	-3877.162598	
-1130.767822	-240.525467	760.044250	-3930.577393	
-1008.367188	-185.990295	682.047729	-3980.016113	
-883.183289	-138.188660	601.113220	-4025.293701	
-755.586243	-97.261879	517.463501	-4066.236328	
-625.953308	-63.330959	431.331604	-4102.682617	
-494.667755	-36.496216	342.960144	-4134.483398	
-362.117706	-16.836985	252.600601	-4161.502441	
-228.695053	-4.411389	160.512695	-4183.617676	
-94.794258	0.743835	66.963493	-4200.721191	
39.188805	-1.386555	-27.773239	-4212.718750	
172.858017	-10.796260	-123.417892	-4219.532715	
305.818176	-27.457460	-219.685852	-4221.099121	
437.676178	-51.320896	-316.288300	-4217.370605	
568.042236	-82.316017	-412.933105	-4208.315918	
696.530884	-120.351189	-509.325714	-4193.919434	
822.762207	-165.313950	-605.170105	-4174.182129	
946.363037	-217.071381	-700.169556	-4149.121582	
1066.968018	-275.470459	-794.027466	-4118.771973	
1184.220459	-340.338501	-886.448914	-4083.182861	
1297.773804	-411.483765	-977.140686	-4042.422119	
1407.292236	-488.695892	-1065.812744	-3996.572510	
1512.452148	-571.746399	-1152.172607	-3945.738770	
1612.942749	-660.389771	-1235.945801	-3890.032715	
1708.466797	-754.363953	-1316.857422	-3829.585449	
1798.742065	-853.391113	-1394.638794	-3764.544434	
1883.501587	-957.178528	-1469.029053	-3695.072021	
1962.494751	-1065.419312	-1539.775513	-3621.345703	
2035.488159	-1177.793579	-1606.634888	-3543.556641	
2102.265869	-1293.968994	-1669.374390	-3461.910889	
2162.630615	-1413.602173	-1727.771362	-3376.626953	
2216.403809	-1536.339478	-1781.615601	-3287.936768	
2263.426514	-1661.817993	-1830.708984	-3196.083740	
2303.559814	-1789.666870	-1874.866089	-3101.323975	
2336.685059	-1919.508057	-1913.915894	-3003.923096	
2362.704102	-2050.957764	-1947.701660	-2904.157227	
2381.540283	-2183.627197	-1976.081299	-2802.311768	
2393.137695	-2317.124268	-1998.928711	-2698.680908	
2397.462158	-2451.054443	-2016.133301	-2593.565918	
2394.500977	-2585.021729	-2027.601196	-2487.274902	
2384.262695	-2718.630127	-2033.255615	-2380.122314	
2366.777832	-2851.484375	-2033.036743	-2272.426514	
2342.097900	-2983.191895	-2026.902344	-2164.510254	
2310.295898	-3113.363525	-2014.828125	-2056.700195	
2271.465820	-3241.614258	-1996.807617	-1949.323364	
2225.722656	-3367.564941	-1972.852417	-1842.708740	
2173.201416	-3490.843262	-1942.992798	-1737.185303	
2114.057373	-3611.084717	-1907.276611	-1633.080566	
2048.465332	-3727.933838	-1865.770752	-1530.720215	
1976.619385	-3841.045166	-1818.559326	-1430.427124	
1898.731812	-3950.084229	-1765.745239	-1332.519531	
1815.032959	-4054.728760	-1707.448853	-1237.311157	
1725.770264	-4154.669434	-1643.807861	-1145.109497	
1631.207520	-4249.610840	-1574.977905	-1056.214966	
1531.624268	-4339.272461	-1501.131104	-970.919983	
1427.314941	-4423.388672	-1422.455933	-889.507507	
1318.588013	-4501.711426	-1339.157104	-812.251526	
1205.764771	-4574.008789	-1251.454712	-739.414307	
1089.178833	-4640.067383	-1159.583984	-671.247131	
969.174866	-4699.691406	-1063.793945	-607.987854	
846.107605	-4752.705078	-964.347961	-549.862122	
720.340820	-4798.951172	-861.521667	-497.080261	
592.246399	-4838.293457	-755.603210	-449.838837	
462.203003	-4870.615723	-646.891907	-408.318390	
330.595062	-4895.821777	-535.697571	-372.682495	
197.811661	-4913.837402	-422.339783	-343.078949	
64.245346	-4924.609375	-307.146637	-319.637726	
-69.709023	-4928.105957	-190.454071	-302.471130	
-203.655441	-4924.316895	-72.604782	-291.672913	
-337.197906	-4913.252930	46.052811	-287.317657	
-469.941650	-4894.947266	165.165512	-289.461731	
-601.494263	-4869.453613	284.376434	-298.141205	
-731.466797	-4836.847656	403.326172	-313.373199	
-859.475037	-4797.225586	521.653748	-335.154541	
-985.140503	-4750.704590	638.997681	-363.462341	
-1108.091797	-4697.422363	754.997192	-398.253906	
-1227.965332	-4637.536133	869.293457	-439.466003	
-1344.406738	-4571.223145	981.530273	-487.016083	
-1457.071777	-4498.679688	1091.355591	-540.801758	
-1565.627441	-4420.119629	1198.422485	-600.700378	
-1669.752808	-4335.775391	1302.389893	-666.570435	
-1769.140015	-4245.896484	1402.924438	-738.251709	
-1863.495239	-4150.748535	1499.700928	-815.564758	
-1952.539551	-4050.613037	1592.403564	-898.312561	
-2036.009766	-3945.785889	1680.726685	-986.279724	
-2113.658936	-3836.576904	1764.376465	-1079.233887	
-2185.257812	-3723.309082	1843.070923	-1176.926270	
-2250.594482	-3606.317139	1916.541870	-1279.091919	
-2309.475830	-3485.947021	1984.535156	-1385.450928	
-2361.727783	-3362.554443	2046.811523	-1495.708618	
-2407.196045	-3236.504150	2103.147461	-1609.557007	
-2445.745850	-3108.168945	2153.336670	-1726.675293	
-2477.263428	-2977.928223	2197.189941	-1846.730713	
-2501.655762	-2846.166992	2234.535645	-1969.379639	
-2518.850586	-2713.274902	2265.221191	-2094.268799	
-2528.797119	-2579.644531	2289.113770	-2221.034912	
-2531.465820	-2445.671143	2306.099854	-2349.308105	
-2526.848877	-2311.750732	2316.086182	-2478.711182	
-2514.959961	-2178.279297	2318.999756	-2608.861328	
-2495.834229	-2045.651245	2314.789551	-2739.370850	
-2469.528320	-1914.258789	2303.424805	-2869.849121	
-2436.119873	-1784.490234	2284.896729	-2999.903076	
-2395.707520	-1656.729370	2259.218262	-3129.138428	
-2348.410889	-1531.353760	2226.424072	-3257.161621	
-2294.369873	-1408.734131	2186.570068	-3383.579590	
-2233.744141	-1289.233032	2139.734375	-3508.002930	
-2166.712891	-1173.203613	2086.016602	-3630.044922	
-2093.474365	-1060.989014	2025.537476	-3749.324463	
-2014.244995	-952.920959	1958.439209	-3865.466553	
-1929.259033	-849.318848	1884.884888	-3978.102783	
-1838.767822	-750.489014	1805.057617	-4086.874268	
-1743.038696	-656.723633	1719.161255	-4191.431152	
-1642.354858	-568.299866	1627.418335	-4291.434082	
-1537.013794	-485.479156	1530.071167	-4386.555664	
-1427.327026	-408.506348	1427.379883	-4476.482422	
-1313.618774	-337.608978	1319.622192	-4560.913574	
-1196.225220	-272.996643	1207.093140	-4639.563477	
-1075.493408	-214.860352	1090.103394	-4712.162598	
-951.780212	-163.371979	968.979370	-4778.457520	
-825.451416	-118.683739	844.061218	-4838.213867	
-696.880493	-80.927742	715.702942	-4891.213867	
-566.447510	-50.215603	584.270691	-4937.260742	
-434.538055	-26.638117	450.142059	-4976.175781	
-301.542114	-10.264985	313.704803	-5007.802734	
-167.852859	-1.144613	175.355835	-5032.004883	
-33.865501	0.696038	35.500103	-5048.667969	
100.023849	-4.748475	-105.450722	-5057.699219	
233.419373	-17.462055	-247.079376	-5059.029785	
365.926697	-37.407120	-388.964233	-5052.612305	
497.154114	-64.524704	-530.680603	-5038.423340	
626.713684	-98.734634	-671.801941	-5016.461426	
754.222351	-139.935791	-811.901245	-4986.750977	
879.303223	-188.006363	-950.552124	-4949.337402	
1001.586487	-242.804230	-1087.330322	-4904.291016	
1120.710571	-304.167389	-1221.815186	-4851.705566	
1236.323486	-371.914459	-1353.590210	-4791.697266	
1348.083252	-445.845154	-1482.245117	-4724.405762	
1455.659546	-525.740906	-1607.376953	-4649.994141	
1558.734375	-611.365540	-1728.590820	-4568.645996	
1657.003052	-702.465881	-1845.501831	-4480.568848	
1750.175049	-798.772644	-1957.736084	-4385.990723	
1837.974854	-900.001099	-2064.931396	-4285.159668	
1920.142944	-1005.851990	-2166.739502	-4178.345215	
1996.436401	-1116.012329	-2262.825928	-4065.835938	
2066.629639	-1230.156616	-2352.871826	-3947.938721	
2130.515137	-1347.947266	-2436.574951	-3824.978516	
2187.904053	-1469.036133	-2513.650879	-3697.297607	
2238.626953	-1593.065186	-2583.832520	-3565.253662	
2282.533691	-1719.667725	-2646.873779	-3429.219482	
2319.494385	-1848.469604	-2702.547852	-3289.582520	
2349.399902	-1979.089966	-2750.648926	-3146.742432	
2372.161621	-2111.142578	-2790.993408	-3001.110352	
2387.712402	-2244.237061	-2823.419434	-2853.108643	
2396.006348	-2377.980225	-2847.788574	-2703.168945	
2397.018799	-2511.976318	-2863.986084	-2551.730225	
2390.746826	-2645.829346	-2871.921143	-2399.238770	
2377.208984	-2779.143799	-2871.526611	-2246.146484	
2356.445312	-2911.525391	-2862.761475	-2092.909180	
2328.517090	-3042.582764	-2845.608398	-1939.984985	
2293.507080	-3171.928467	-2820.075684	-1787.834106	
2251.518555	-3299.180176	-2786.197510	-1636.916504	
2202.675781	-3423.961670	-2744.032471	-1487.690552	
2147.123291	-3545.903809	-2693.664307	-1340.611816	
2085.025146	-3664.646484	-2635.202637	-1196.132324	
2016.564819	-3779.838379	-2568.781738	-1054.697754	
1941.944824	-3891.139160	-2494.560303	-916.747559	
1861.385742	-3998.219727	-2412.721191	-782.712402	
1775.125732	-4100.763184	-2323.471191	-653.013123	
1683.419800	-4198.466797	-2227.040771	-528.060425	
1586.539062	-4291.041504	-2123.682373	-408.252045	
1484.769897	-4378.213867	-2013.671387	-293.972809	
1378.413208	-4459.726074	-1897.303833	-185.592316	
1267.783447	-4535.337402	-1774.896729	-83.464722	
1153.207520	-4604.823730	-1646.786865	12.073775	
1035.024292	-4667.979980	-1513.329346	100.704193	
913.583069	-4724.619629	-1374.897461	182.126907	
789.242920	-4774.574707	-1231.881348	256.063202	
662.371399	-4817.698242	-1084.686523	322.254303	
533.343628	-4853.862305	-933.733215	380.464569	
402.540985	-4882.959961	-779.454956	430.480804	
270.350189	-4904.905273	-622.297302	472.113281	
137.162033	-4919.633301	-462.716736	505.196747	
3.370251	-4927.100586	-301.179047	529.590576	
-130.629623	-4927.285156	-138.158264	545.179749	
-264.441437	-4920.186035	25.864929	551.875427	
-397.669617	-4905.824707	190.404510	549.614319	
-529.920288	-4884.243164	354.970612	538.360718	
-660.802490	-4855.505371	519.070923	518.104919	
-789.929321	-4819.696777	682.212219	488.864105	
-916.919006	-4776.922852	843.901855	450.683319	
-1041.396118	-4727.310059	1003.649231	403.634186	
-1162.992676	-4671.004883	1160.967163	347.815582	
-1281.349243	-4608.173828	1315.373657	283.352936	
-1396.115845	-4539.002930	1466.392944	210.397949	
-1506.953247	-4463.696289	1613.557495	129.129181	
-1613.533813	-4382.477051	1756.408813	39.750141	
-1715.542480	-4295.584961	1894.499634	-57.509552	
-1812.677612	-4203.276855	2027.394531	-162.395859	
-1904.651978	-4105.825684	2154.672119	-274.630768	
-1991.193848	-4003.519775	2275.925049	-393.913147	
-2072.047363	-3896.661377	2390.763428	-519.918823	
-2146.973389	-3785.566406	2498.813477	-652.302185	
-2215.750488	-3670.563232	2599.721191	-790.696960	
-2278.175293	-3551.991943	2693.151855	-934.717102	
-2334.063232	-3430.203125	2778.791748	-1083.958008	
-2383.249023	-3305.556641	2856.348877	-1237.997437	
-2425.587402	-3178.421143	2925.554443	-1396.396973	
-2460.953125	-3049.172363	2986.163330	-1558.702759	
-2489.241699	-2918.192383	3037.955078	-1724.447754	
-2510.369385	-2785.868408	3080.735107	-1893.152100	
-2524.273926	-2652.591797	3114.334229	-2064.324951	
-2530.914062	-2518.756348	3138.610352	-2237.466064	
-2530.270264	-2384.757812	3153.448975	-2412.066650	
-2522.344238	-2250.992432	3158.763428	-2587.611816	
-2507.159668	-2117.855469	3154.494385	-2763.581055	
-2484.761230	-1985.740723	3140.612061	-2939.450195	
-2455.215332	-1855.038574	3117.114502	-3114.693848	
-2418.609131	-1726.135498	3084.029053	-3288.784912	
-2375.051025	-1599.412598	3041.411865	-3461.198730	
-2324.669678	-1475.244507	2989.347656	-3631.412354	
-2267.614014	-1353.998291	2927.950195	-3798.907471	
-2204.052734	-1236.032349	2857.361328	-3963.171875	
-2134.173828	-1121.695435	2777.751465	-4123.700195	
-2058.183838	-1011.325562	2689.318604	-4279.996582	
-1976.307373	-905.249023	2592.288086	-4431.575684	
-1888.786499	-803.779358	2486.911621	-4577.963867	
-1795.879883	-707.216614	2373.468018	-4718.701172	
-1697.862305	-615.846252	2252.260010	-4853.342773	
-1595.023438	-529.938354	2123.616455	-4981.458984	
-1487.667358	-449.746918	1987.888794	-5102.640137	
-1376.111450	-375.509003	1845.451538	-5216.493164	
-1260.685425	-307.444092	1696.701050	-5322.646973	
-1141.730591	-245.753387	1542.054199	-5420.750488	
-1019.598572	-190.619263	1381.947388	-5510.476562	
-894.650452	-142.204727	1216.834961	-5591.520996	
-767.255615	-100.652901	1047.188599	-5663.604980	
-637.790649	-66.086617	873.495239	-5726.474121	
-506.638336	-38.608070	696.256165	-5779.901367	
-374.186371	-18.298494	515.985352	-5823.687012	
-240.826340	-5.217930	333.208038	-5857.659668	
-106.952477	0.594953	148.459229	-5881.675781	
27.039438	-0.877030	-37.717922	-5895.621094	
160.753296	-9.629527	-224.773743	-5899.411621	
293.793793	-25.636663	-412.153595	-5892.993652	
425.767609	-48.851116	-599.299561	-5876.342285	
556.284607	-79.204262	-785.652039	-5849.464844	
684.958923	-116.606361	-970.651550	-5812.397949	
811.410156	-160.946838	-1153.740234	-5765.210449	
935.264526	-212.094620	-1334.363770	-5708.000000	
1056.155884	-269.898499	-1511.972778	-5640.895508	
1173.726807	-334.187592	-1686.024658	-5564.056641	
1287.629639	-404.771820	-1855.985229	-5477.671875	
1397.527832	-481.442535	-2021.330444	-5381.959473	
1503.096313	-563.973083	-2181.547607	-5277.166016	
1604.023071	-652.119446	-2336.137939	-5163.567383	
1700.009766	-745.621094	-2484.616455	-5041.465332	
1790.772583	-844.201538	-2626.515381	-4911.189941	
1876.043213	-947.569397	-2761.384033	-4773.095703	
1955.569580	-1055.419067	-2888.791504	-4627.563477	
2029.116577	-1167.431763	-3008.327148	-4474.996094	
2096.466797	-1283.276245	-3119.602051	-4315.819824	
2157.421143	-1402.610107	-3222.250732	-4150.483887	
2211.799316	-1525.080566	-3315.931885	-3979.455078	
2259.440674	-1650.325562	-3400.329834	-3803.220947	
2300.204346	-1777.974731	-3475.155273	-3622.286377	
2333.969727	-1907.650879	-3540.145996	-3437.171875	
2360.637207	-2038.970459	-3595.068848	-3248.412354	
2380.127686	-2171.545410	-3639.719482	-3056.556641	
2392.383789	-2304.983643	-3673.923096	-2862.164062	
2397.369141	-2438.890869	-3697.536377	-2665.804688	
2395.069092	-2572.871094	-3710.446045	-2468.055908	
2385.490234	-2706.528320	-3712.571289	-2269.501953	
2368.661133	-2839.467285	-3703.862305	-2070.731689	
2344.631348	-2971.295166	-3684.302490	-1872.337036	
2313.472168	-3101.622070	-3653.906738	-1674.911133	
2275.275635	-3230.062744	-3612.722900	-1479.046387	
2230.154541	-3356.237549	-3560.831055	-1285.333008	
2178.242188	-3479.773438	-3498.343994	-1094.357056	
2119.692139	-3600.305176	-3425.406250	-906.698730	
2054.677734	-3717.476562	-3342.193604	-722.930664	
1983.390869	-3830.940918	-3248.914307	-543.615723	
1906.042358	-3940.363037	-3145.807129	-369.306152	
1822.860962	-4045.419434	-3033.141113	-200.541138	
1734.092529	-4145.799316	-2911.214355	-37.845192	
1639.999390	-4241.206543	-2780.354736	118.272453	
1540.859863	-4331.358398	-2640.917480	267.321533	
1436.966919	-4415.988770	-2493.285156	408.829956	
1328.627808	-4494.847168	-2337.865723	542.346985	
1216.162720	-4567.700684	-2175.092773	667.443665	
1099.904175	-4634.333496	-2005.422852	783.715088	
980.195862	-4694.549316	-1829.335327	890.779968	
857.391663	-4748.169434	-1647.330200	988.284668	
731.854675	-4795.035645	-1459.927246	1075.901611	
603.955933	-4835.009766	-1267.664429	1153.331421	
474.073608	-4867.973145	-1071.096069	1220.304932	
342.591675	-4893.828613	-870.791687	1276.582520	
209.898804	-4912.499512	-667.333862	1321.955933	
76.387276	-4923.930664	-461.316986	1356.248657	
-57.548206	-4928.088379	-253.345230	1379.316284	
-191.511688	-4924.960449	-44.030952	1391.047485	
-325.107147	-4914.555664	166.007233	1391.365234	
-457.939606	-4896.905273	376.146240	1380.224854	
-589.616394	-4872.061523	585.760315	1357.616455	
-719.748230	-4840.097656	794.222961	1323.564575	
-847.950439	-4801.107910	1000.908691	1278.128052	
-973.843994	-4755.208008	1205.195068	1221.399170	
-1097.056641	-4702.533203	1406.464722	1153.505371	
-1217.224243	-4643.239258	1604.106567	1074.607056	
-1333.991455	-4577.501953	1797.518433	984.898010	
-1447.013184	-4505.515137	1986.108398	884.605774	
-1555.955200	-4427.491699	2169.296875	773.989868	
-1660.495483	-4343.662598	2346.518066	653.341370	
-1760.325073	-4254.275391	2517.221924	522.982788	
-1855.148682	-4159.594238	2680.876221	383.266815	
-1944.686035	-4059.899414	2836.967529	234.574799	
-2028.672485	-3955.485352	2985.002930	77.316986	
-2106.859619	-3846.660889	3124.512451	-88.069778	
-2179.016602	-3733.747803	3255.048584	-261.122681	
-2244.929688	-3617.079590	3376.190430	-441.354034	
-2304.404297	-3497.001465	3487.542969	-628.253479	
-2357.264648	-3373.868164	3588.738281	-821.288391	
-2403.354248	-3248.043945	3679.438965	-1019.906433	
-2442.537109	-3119.900635	3759.336182	-1223.536133	
-2474.697021	-2989.817139	3828.153320	-1431.589355	
-2499.739258	-2858.177979	3885.645264	-1643.462524	
-2517.589600	-2725.372314	3931.600098	-1858.538208	
-2528.195312	-2591.792725	3965.839111	-2076.187744	
-2531.525146	-2457.833984	3988.218750	-2295.771973	
-2527.569092	-2323.892334	3998.629639	-2516.644287	
-2516.339111	-2190.363770	3996.997559	-2738.151611	
-2497.868164	-2057.642822	3983.284668	-2959.636230	
-2472.210938	-1926.122070	3957.489014	-3180.439209	
-2439.443115	-1796.190308	3919.643799	-3399.900391	
-2399.661865	-1668.231567	3869.819336	-3617.361816	
-2352.984619	-1542.624146	3808.121094	-3832.168457	
-2299.549316	-1419.739380	3734.690918	-4043.671875	
-2239.513916	-1299.940552	3649.706299	-4251.230469	
-2173.056152	-1183.581787	3553.378662	-4454.212402	
-2100.372314	-1071.007080	3445.955078	-4651.997070	
-2021.677246	-962.549316	3327.716797	-4843.978027	
-1937.203613	-858.529114	3198.977295	-5029.562500	
-1847.201172	-759.253906	3060.083496	-5208.176270	
-1751.936035	-665.017273	2911.412842	-5379.263184	
-1651.689697	-576.097717	2753.374023	-5542.287598	
-1546.758667	-492.758179	2586.404541	-5696.736328	
-1437.453125	-415.245026	2410.970703	-5842.119141	
-1324.096191	-343.787384	2227.564941	-5977.972168	
-1207.022949	-278.596527	2036.705688	-6103.858398	
-1086.579468	-219.865143	1838.935181	-6219.368164	
-963.121887	-167.766891	1634.818115	-6324.122070	
-837.015198	-122.455772	1424.940186	-6417.770996	
-708.632141	-84.065750	1209.906128	-6499.998047	
-578.352295	-52.710312	990.338318	-6570.519043	
-446.560822	-28.482153	766.874451	-6629.084473	
-313.647308	-11.452900	540.166321	-6675.478027	
-180.004684	-1.672896	310.877472	-6709.521484	
-46.028042	0.828945	79.681519	-6731.070312	
87.886543	-3.954771	-152.740097	-6740.017578	
221.343185	-16.009905	-385.699860	-6736.294434	
353.947327	-35.300816	-618.506409	-6719.869141	
485.306976	-61.770473	-850.466492	-6690.746582	
615.033813	-95.340630	-1080.886841	-6648.970703	
742.744263	-135.912033	-1309.076782	-6594.623535	
868.060791	-183.364746	-1534.349854	-6527.823730	
990.612976	-237.558487	-1756.025757	-6448.728516	
1110.038452	-298.333038	-1973.432861	-6357.531738	
1225.984253	-365.508759	-2185.910156	-6254.463867	
1338.107544	-438.887024	-2392.808594	-6139.792480	
1446.076904	-518.250916	-2593.493896	-6013.818848	
1549.572998	-603.365845	-2787.348633	-5876.880859	
1648.290039	-693.980103	-2973.773193	-5729.349121	
1741.936157	-789.825867	-3152.187744	-5571.627441	
1830.234375	-890.619812	-3322.035400	-5404.150391	
1912.923828	-996.063904	-3482.782227	-5227.384766	
1989.760010	-1105.846436	-3633.919678	-5041.825195	
2060.515625	-1219.642944	-3774.966797	-4847.994629	
2124.981689	-1337.116943	-3905.470215	-4646.442383	
2182.967529	-1457.921021	-4025.007080	-4437.742676	
2234.301758	-1581.698242	-4133.186035	-4222.492676	
2278.832520	-1708.082642	-4229.647461	-4001.311279	
2316.428467	-1836.700439	-4314.065918	-3774.836670	
2346.978027	-1967.171631	-4386.151367	-3543.725586	
2370.391113	-2099.110352	-4445.648926	-3308.650146	
2386.598633	-2232.126465	-4492.339844	-3070.296143	
2395.552490	-2365.826904	-4526.044434	-2829.362549	
2397.226318	-2499.816406	-4546.619629	-2586.557129	
2391.614990	-2633.698975	-4553.961426	-2342.596436	
2378.735352	-2767.078613	-4548.005859	-2098.201904	
2358.625244	-2899.561035	-4528.726562	-1854.099365	
2331.344238	-3030.754639	-4496.138672	-1611.015381	
2296.972900	-3160.271484	-4450.295898	-1369.676392	
2255.613037	-3287.728760	-4391.291016	-1130.805664	
2207.386719	-3412.749756	-4319.258301	-895.121826	
2152.436523	-3534.964600	-4234.369629	-663.335693	
2090.925049	-3654.012207	-4136.835938	-436.149200	
2023.034058	-3769.540527	-4026.907471	-214.252686	
1948.964233	-3881.208252	-3904.870850	1.676850	
1868.934570	-3988.685059	-3771.050781	210.978439	
1783.181641	-4091.653076	-3625.807373	413.008698	
1691.958984	-4189.808105	-3469.536133	607.143494	
1595.536255	-4282.859863	-3302.666992	792.780518	
1494.198486	-4370.533691	-3125.662109	969.340515	
1388.245361	-4452.569824	-2939.016113	1136.270142	
1277.989990	-4528.726074	-2743.253418	1293.042358	
1163.758423	-4598.777344	-2538.927246	1439.158936	
1045.888306	-4662.516113	-2326.617920	1574.152100	
924.728088	-4719.754395	-2106.932129	1697.585083	
800.635986	-4770.322754	-1880.499390	1809.054810	
673.978821	-4814.071777	-1647.972046	1908.192261	
545.131042	-4850.872070	-1410.022217	1994.664062	
414.473572	-4880.614746	-1167.340332	2068.173584	
282.392670	-4903.211914	-920.633362	2128.461670	
149.278809	-4918.597168	-670.622131	2175.307617	
15.525505	-4926.724609	-418.039551	2208.530762	
-118.471825	-4927.570312	-163.628632	2227.989746	
-252.317047	-4921.131836	91.859970	2233.583740	
-385.614471	-4907.428223	347.670044	2225.253662	
-517.970032	-4886.499512	603.042114	2202.981201	
-648.992493	-4858.408203	857.215637	2166.789062	
-778.294434	-4823.237305	1109.431396	2116.741943	
-905.493652	-4781.090332	1358.933472	2052.946289	
-1030.214111	-4732.092285	1604.971924	1975.549316	
-1152.087036	-4676.387695	1846.804688	1884.739502	
-1270.752197	-4614.141602	2083.700195	1780.745117	
-1385.858765	-4545.538086	2314.938721	1663.835205	
-1497.066528	-4470.779297	2539.816162	1534.318237	
-1604.046631	-4390.086914	2757.644043	1392.540161	
-1706.482788	-4303.699219	2967.754150	1238.885254	
-1804.072266	-4211.871582	3169.497803	1073.774048	
-1896.526489	-4114.875488	3362.250244	897.662659	
-1983.572144	-4012.997803	3545.411377	711.041016	
-2064.951904	-3906.539551	3718.407715	514.432007	
-2140.425293	-3795.815674	3880.693848	308.389648	
